function mpc = case_ieee_rts_73									
%% MATPOWER Case Format : Version 2																						
mpc.version = '2';																						
																						
%%-----  Power Flow Data  -----%%																						
%% system MVA base																						
mpc.baseMVA = 100;																						
																						
%% bus data																						
%	bus_i	type	Pd	Qd	Gs	Bs	area	Vm	Va	baseKV	zone	Vmax	Vmin									
mpc.bus = [																						
	1	2	108	22	0	0	1	1.04777	-7.74152	138	11	1.05	0.95;									
	2	2	97	20	0	0	1	1.04783	-7.81784	138	12	1.05	0.95;									
	3	1	180	37	0	0	1	1.01085	-7.2109	138	11	1.05	0.95;									
	4	1	74	15	0	0	1	1.01765	-10.56614	138	11	1.05	0.95;									
	5	1	71	14	0	0	1	1.03568	-10.70887	138	11	1.05	0.95;									
	6	1	136	28	0	-100	1	1.03242	-13.27944	138	12	1.05	0.95;									
	7	2	125	25	0	0	1	1.03745	-11.27673	138	12	1.05	0.95;									
	8	1	171	35	0	0	1	1.01024	-13.74967	138	12	1.05	0.95;									
	9	1	175	36	0	0	1	1.0261	-8.81524	138	13	1.05	0.95;									
	10	1	195	40	0	0	1	1.05	-10.62063	138	13	1.05	0.95;									
	11	1	0	0	0	0	1	1.02764	-3.91674	230	13	1.05	0.95;									
	12	1	0	0	0	0	1	1.02024	-2.42424	230	13	1.05	0.95;									
	13	3	265	54	0	0	1	1.03943	0	230	14	1.05	0.95;									
	14	2	194	39	0	0	1	1.04401	-1.73056	230	16	1.05	0.95;									
	15	2	317	64	0	0	1	1.04335	7.9597	230	16	1.05	0.95;									
	16	2	100	20	0	0	1	1.04565	7.56929	230	16	1.05	0.95;									
	17	1	0	0	0	0	1	1.04783	11.43417	230	17	1.05	0.95;									
	18	2	333	68	0	0	1	1.05	12.52457	230	17	1.05	0.95;									
	19	1	181	37	0	0	1	1.03962	6.65777	230	15	1.05	0.95;									
	20	1	128	26	0	0	1	1.04399	7.7406	230	15	1.05	0.95;									
	21	2	0	0	0	0	1	1.05	13.08653	230	17	1.05	0.95;									
	22	2	0	0	0	0	1	1.05	18.94978	230	17	1.05	0.95;									
	23	2	0	0	0	0	1	1.05	9.05617	230	15	1.05	0.95;									
	24	1	0	0	0	0	1	1.01155	2.38339	230	16	1.05	0.95;									
	25	2	108	22	0	0	2	1.04841	-10.68973	138	21	1.05	0.95;									
	26	2	97	20	0	0	2	1.04844	-10.75906	138	22	1.05	0.95;									
	27	1	180	37	0	0	2	1.01886	-10.47453	138	21	1.05	0.95;									
	28	1	74	15	0	0	2	1.0189	-13.48479	138	21	1.05	0.95;									
	29	1	71	14	0	0	2	1.03603	-13.61187	138	21	1.05	0.95;									
	30	1	136	28	0	-100	2	1.03259	-16.15672	138	22	1.05	0.95;									
	31	2	125	25	0	0	2	1.03973	-13.46606	138	22	1.05	0.95;									
	32	1	171	35	0	0	2	1.01203	-16.22359	138	22	1.05	0.95;									
	33	1	175	36	0	0	2	1.02781	-11.72409	138	23	1.05	0.95;									
	34	1	195	40	0	0	2	1.05	-13.47986	138	23	1.05	0.95;									
	35	1	0	0	0	0	2	1.02735	-6.93336	230	23	1.05	0.95;									
	36	1	0	0	0	0	2	1.01921	-5.25334	230	23	1.05	0.95;									
	37	2	265	54	0	0	2	1.03752	-3.2151	230	24	1.05	0.95;									
	38	2	194	39	0	0	2	1.04335	-4.68519	230	26	1.05	0.95;									
	39	2	317	64	0	0	2	1.04327	4.63351	230	26	1.05	0.95;									
	40	2	100	20	0	0	2	1.04556	4.70009	230	26	1.05	0.95;									
	41	1	0	0	0	0	2	1.04847	8.81839	230	27	1.05	0.95;									
	42	2	333	68	0	0	2	1.05	9.99473	230	27	1.05	0.95;									
	43	1	181	37	0	0	2	1.03946	4.21233	230	25	1.05	0.95;									
	44	1	128	26	0	0	2	1.0438	5.66449	230	25	1.05	0.95;									
	45	2	0	0	0	0	2	1.05	10.63209	230	27	1.05	0.95;									
	46	2	0	0	0	0	2	1.05	16.43203	230	27	1.05	0.95;									
	47	2	0	0	0	0	2	1.05	7.18151	230	25	1.05	0.95;									
	48	1	0	0	0	0	2	1.01456	-0.96005	230	26	1.05	0.95;									
	49	2	108	22	0	0	3	1.0486	-9.34821	138	31	1.05	0.95;									
	50	2	97	20	0	0	3	1.04864	-9.431	138	32	1.05	0.95;									
	51	1	180	37	0	0	3	1.01045	-8.57689	138	31	1.05	0.95;									
	52	1	74	15	0	0	3	1.01785	-12.18784	138	31	1.05	0.95;									
	53	1	71	14	0	0	3	1.03609	-12.35005	138	31	1.05	0.95;									
	54	1	136	28	0	-100	3	1.0326	-14.94205	138	32	1.05	0.95;									
	55	2	125	25	0	0	3	1.03804	-12.54795	138	32	1.05	0.95;									
	56	1	171	35	0	0	3	1.01056	-15.18287	138	32	1.05	0.95;									
	57	1	175	36	0	0	3	1.02579	-10.44617	138	33	1.05	0.95;									
	58	1	195	40	0	0	3	1.05	-12.30117	138	33	1.05	0.95;									
	59	1	0	0	0	0	3	1.0283	-5.74069	230	33	1.05	0.95;									
	60	1	0	0	0	0	3	1.019	-4.14604	230	33	1.05	0.95;									
	61	2	265	54	0	0	3	1.03802	-2.41513	230	34	1.05	0.95;									
	62	2	194	39	0	0	3	1.04631	-3.20793	230	36	1.05	0.95;									
	63	2	317	64	0	0	3	1.043	7.05088	230	36	1.05	0.95;									
	64	2	100	20	0	0	3	1.04558	6.59875	230	36	1.05	0.95;									
	65	1	0	0	0	0	3	1.04785	10.34418	230	37	1.05	0.95;									
	66	2	333	68	0	0	3	1.05	11.34262	230	37	1.05	0.95;									
	67	1	181	37	0	0	3	1.03953	5.91539	230	35	1.05	0.95;									
	68	1	128	26	0	0	3	1.04389	7.19709	230	35	1.05	0.95;									
	69	2	0	0	0	0	3	1.05	12.34122	230	37	1.05	0.95;									
	70	2	0	0	0	0	3	1.05	18.06914	230	37	1.05	0.95;									
	71	2	0	0	0	0	3	1.05	8.62112	230	35	1.05	0.95;									
	72	1	0	0	0	0	3	1.01046	1.30606	230	36	1.05	0.95;									
	73	1	0	0	0	0	3	1.04986	8.99332	230	35	1.05	0.95;									
];																						
																						
%% generator data																						
%	bus	Pg	Qg	Qmax	Qmin	Vg	mBase	status	Pmax	Pmin	Pc1	Pc2	Qc1min	Qc1max	Qc2min	Qc2max	ramp_agc	ramp_10	ramp_30	ramp_q	apf	
